1512284526542 0
1512284526554 11504
1512284526561 21376
1512284526565 22448
1512284526569 24936
1512284526573 26720
1512284526576 28056
1512284526577 29928
1512284526583 33256
1512284526585 33256
1512284526590 34008
1512284526600 36624
1512284526605 52320
1512284526610 62792
1512284526619 73256
1512284526626 73256
1512284526631 91568
1512284526632 94184
1512284526644 109880
1512284526649 109880
1512284526654 115112
1512284526659 128200
1512284526664 128200
1512284526746 128200
1512284526986 128200
1512284527200 128200
1512284527441 128200
1512284527641 128200
1512284527842 128200
1512284528080 128200
1512284528286 128200
1512284528488 128200
1512284528728 128200
1512284528929 128200
1512284529160 128200
1512284529400 128200
1512284529640 128200
1512284529885 128200
1512284530120 128200
1512284530360 128200
1512284530600 128200
1512284530840 128200
1512284531080 128200
